---------------------------------------------------------------------------------------------------------
   step      Time/Temp   Etot/Pressure    Ekin/Pvir_nb  Utot/Pvir_coul      U_nb/Omega     U_coul/Htot
---------------------------------------------------------------------------------------------------------
      1 1.00000000e-03 -2.13835490e+01  1.79041077e-30 -2.13835490e+01 -2.13835490e+01  0.00000000e+00 
      1 1.08212669e-28  4.95303022e-02  3.09143861e-04  0.00000000e+00  9.25288973e+03 -2.13835490e+01 
      2 2.00000000e-03 -1.98945058e+01  1.48089939e+00 -2.13754052e+01 -2.13754052e+01  0.00000000e+00 
      2 8.95057601e+01  5.04410997e-02  3.13995034e-04  0.00000000e+00  9.25288973e+03 -1.98945058e+01 
      3 3.00000000e-03 -1.98863474e+01  1.46434552e+00 -2.13506929e+01 -2.13506929e+01  0.00000000e+00 
      3 8.85052416e+01  5.27910248e-02  3.28671431e-04  0.00000000e+00  9.25288973e+03 -1.98863474e+01 
      4 4.00000000e-03 -1.98616187e+01  1.44729792e+00 -2.13089167e+01 -2.13089167e+01  0.00000000e+00 
      4 8.74748825e+01  5.67495772e-02  3.53388371e-04  0.00000000e+00  9.25288973e+03 -1.98616187e+01 
      5 5.00000000e-03 -1.98198232e+01  1.42965280e+00 -2.12494760e+01 -2.12494760e+01  0.00000000e+00 
      5 8.64084088e+01  6.23582986e-02  3.88405192e-04  0.00000000e+00  9.25288973e+03 -1.98198232e+01 
      6 6.00000000e-03 -1.97603591e+01  1.41130135e+00 -2.11716605e+01 -2.11716605e+01  0.00000000e+00 
      6 8.52992451e+01  6.96660509e-02  4.34026928e-04  0.00000000e+00  9.25288973e+03 -1.97603591e+01 
      7 7.00000000e-03 -1.96825145e+01  1.39213528e+00 -2.10746498e+01 -2.10746498e+01  0.00000000e+00 
      7 8.41408448e+01  7.87288378e-02  4.90603189e-04  0.00000000e+00  9.25288973e+03 -1.96825145e+01 
      8 8.00000000e-03 -1.95854670e+01  1.37205494e+00 -2.09575219e+01 -2.09575219e+01  0.00000000e+00 
      8 8.29271865e+01  8.96089472e-02  5.58522800e-04  0.00000000e+00  9.25288973e+03 -1.95854670e+01 
      9 9.00000000e-03 -1.94682922e+01  1.35098234e+00 -2.08192745e+01 -2.08192745e+01  0.00000000e+00 
      9 8.16535555e+01  1.02373045e-01  6.38201904e-04  0.00000000e+00  9.25288973e+03 -1.94682922e+01 
     10 1.00000000e-02 -1.93299849e+01  1.32888121e+00 -2.06588661e+01 -2.06588661e+01  0.00000000e+00 
     10 8.03177605e+01  1.17088655e-01  7.30061964e-04  0.00000000e+00  9.25288973e+03 -1.93299849e+01 
---------------------------------------------------------------------------------------------------------
   step      Time/Temp   Etot/Pressure    Ekin/Pvir_nb  Utot/Pvir_coul      U_nb/Omega     U_coul/Htot
---------------------------------------------------------------------------------------------------------
     11 1.10000000e-02 -1.91695004e+01  1.30578785e+00 -2.04752883e+01 -2.04752883e+01  0.00000000e+00 
     11 7.89219946e+01  1.33818175e-01  8.34492422e-04  0.00000000e+00  9.25288973e+03 -1.91695004e+01 
     12 1.20000000e-02 -1.89858272e+01  1.28185708e+00 -2.02676843e+01 -2.02676843e+01  0.00000000e+00 
     12 7.74756156e+01  1.52609227e-01  9.51790429e-04  0.00000000e+00  9.25288973e+03 -1.89858272e+01 
     13 1.30000000e-02 -1.87781060e+01  1.25742918e+00 -2.00355352e+01 -2.00355352e+01  0.00000000e+00 
     13 7.59991898e+01  1.73479662e-01  1.08206720e-03  0.00000000e+00  9.25288973e+03 -1.87781060e+01 
     14 1.40000000e-02 -1.85350911e+01  1.23317751e+00 -1.97682686e+01 -1.97682686e+01  0.00000000e+00 
     14 7.45334161e+01  1.96763088e-01  1.22740458e-03  0.00000000e+00  9.25288973e+03 -1.85350911e+01 
     15 1.50000000e-02 -1.82646339e+01  1.21012805e+00 -1.94747619e+01 -1.94747619e+01  0.00000000e+00 
     15 7.31403036e+01  2.22073241e-01  1.38539112e-03  0.00000000e+00  9.25288973e+03 -1.82646339e+01 
     16 1.60000000e-02 -1.79786070e+01  1.18976017e+00 -1.91683672e+01 -1.91683672e+01  0.00000000e+00 
     16 7.19092659e+01  2.48794319e-01  1.55218245e-03  0.00000000e+00  9.25288973e+03 -1.79786070e+01 
     17 1.70000000e-02 -1.76681275e+01  1.17438050e+00 -1.88425080e+01 -1.88425080e+01  0.00000000e+00 
     17 7.09797167e+01  2.76889097e-01  1.72754494e-03  0.00000000e+00  9.25288973e+03 -1.76681275e+01 
     18 1.80000000e-02 -1.73377513e+01  1.16715013e+00 -1.85049014e+01 -1.85049014e+01  0.00000000e+00 
     18 7.05427122e+01  3.05680957e-01  1.90725368e-03  0.00000000e+00  9.25288973e+03 -1.73377513e+01 
     19 1.90000000e-02 -1.69972710e+01  1.17184243e+00 -1.81691134e+01 -1.81691134e+01  0.00000000e+00 
     19 7.08263156e+01  3.34111284e-01  2.08469920e-03  0.00000000e+00  9.25288973e+03 -1.69972710e+01 
     20 2.00000000e-02 -1.66653261e+01  1.19230313e+00 -1.78576292e+01 -1.78576292e+01  0.00000000e+00 
     20 7.20629630e+01  3.60626293e-01  2.25018137e-03  0.00000000e+00  9.25288973e+03 -1.66653261e+01 
---------------------------------------------------------------------------------------------------------
   step      Time/Temp   Etot/Pressure    Ekin/Pvir_nb  Utot/Pvir_coul      U_nb/Omega     U_coul/Htot
---------------------------------------------------------------------------------------------------------
     21 2.10000000e-02 -1.63641564e+01  1.23116191e+00 -1.75953183e+01 -1.75953183e+01  0.00000000e+00 
     21 7.44115929e+01  3.83454476e-01  2.39264182e-03  0.00000000e+00  9.25288973e+03 -1.63641564e+01 
     22 2.20000000e-02 -1.60998751e+01  1.28811009e+00 -1.73879852e+01 -1.73879852e+01  0.00000000e+00 
     22 7.78535485e+01  4.01484975e-01  2.50514730e-03  0.00000000e+00  9.25288973e+03 -1.60998751e+01 
     23 2.30000000e-02 -1.58996067e+01  1.35858251e+00 -1.72581892e+01 -1.72581892e+01  0.00000000e+00 
     23 8.21129108e+01  4.13237660e-01  2.57846213e-03  0.00000000e+00  9.25288973e+03 -1.58996067e+01 
     24 2.40000000e-02 -1.57699955e+01  1.43440116e+00 -1.72043967e+01 -1.72043967e+01  0.00000000e+00 
     24 8.66954005e+01  4.18450940e-01  2.61095819e-03  0.00000000e+00  9.25288973e+03 -1.57699955e+01 
     25 2.50000000e-02 -1.57205024e+01  1.50671508e+00 -1.72272175e+01 -1.72272175e+01  0.00000000e+00 
     25 9.10660638e+01  4.17226681e-01  2.60327626e-03  0.00000000e+00  9.25288973e+03 -1.57205024e+01 
     26 2.60000000e-02 -1.57459455e+01  1.56913363e+00 -1.73150792e+01 -1.73150792e+01  0.00000000e+00 
     26 9.48386492e+01  4.10422310e-01  2.56077158e-03  0.00000000e+00  9.25288973e+03 -1.57459455e+01 
     27 2.70000000e-02 -1.58307393e+01  1.61883093e+00 -1.74495702e+01 -1.74495702e+01  0.00000000e+00 
     27 9.78423606e+01  3.99296830e-01  2.49130381e-03  0.00000000e+00  9.25288973e+03 -1.58307393e+01 
     28 2.80000000e-02 -1.59633453e+01  1.65583052e+00 -1.76191758e+01 -1.76191758e+01  0.00000000e+00 
     28 1.00078621e+02  3.84894230e-01  2.40138902e-03  0.00000000e+00  9.25288973e+03 -1.59633453e+01 
     29 2.90000000e-02 -1.61325768e+01  1.68161344e+00 -1.78141902e+01 -1.78141902e+01  0.00000000e+00 
     29 1.01636944e+02  3.68139181e-01  2.29679771e-03  0.00000000e+00  9.25288973e+03 -1.61325768e+01 
     30 3.00000000e-02 -1.63231475e+01  1.69800879e+00 -1.80211563e+01 -1.80211563e+01  0.00000000e+00 
     30 1.02627881e+02  3.50001299e-01  2.18358071e-03  0.00000000e+00  9.25288973e+03 -1.63231475e+01 
---------------------------------------------------------------------------------------------------------
   step      Time/Temp   Etot/Pressure    Ekin/Pvir_nb  Utot/Pvir_coul      U_nb/Omega     U_coul/Htot
---------------------------------------------------------------------------------------------------------
     31 3.10000000e-02 -1.65302717e+01  1.70671455e+00 -1.82369863e+01 -1.82369863e+01  0.00000000e+00 
     31 1.03154059e+02  3.31007442e-01  2.06502547e-03  0.00000000e+00  9.25288973e+03 -1.65302717e+01 
     32 3.20000000e-02 -1.67491347e+01  1.70917698e+00 -1.84583116e+01 -1.84583116e+01  0.00000000e+00 
     32 1.03302888e+02  3.11617216e-01  1.94399980e-03  0.00000000e+00  9.25288973e+03 -1.67491347e+01 
     33 3.30000000e-02 -1.69709452e+01  1.70663552e+00 -1.86775807e+01 -1.86775807e+01  0.00000000e+00 
     33 1.03149282e+02  2.92367191e-01  1.82385201e-03  0.00000000e+00  9.25288973e+03 -1.69709452e+01 
     34 3.40000000e-02 -1.71893267e+01  1.70016832e+00 -1.88894951e+01 -1.88894951e+01  0.00000000e+00 
     34 1.02758404e+02  2.73658013e-01  1.70708214e-03  0.00000000e+00  9.25288973e+03 -1.71893267e+01 
     35 3.50000000e-02 -1.74045979e+01  1.69069684e+00 -1.90952947e+01 -1.90952947e+01  0.00000000e+00 
     35 1.02185946e+02  2.55614812e-01  1.59447065e-03  0.00000000e+00  9.25288973e+03 -1.74045979e+01 
     36 3.60000000e-02 -1.76118765e+01  1.67903465e+00 -1.92909111e+01 -1.92909111e+01  0.00000000e+00 
     36 1.01481082e+02  2.38503138e-01  1.48767454e-03  0.00000000e+00  9.25288973e+03 -1.76118765e+01 
     37 3.70000000e-02 -1.78099960e+01  1.66586711e+00 -1.94758631e+01 -1.94758631e+01  0.00000000e+00 
     37 1.00685234e+02  2.22429070e-01  1.38735550e-03  0.00000000e+00  9.25288973e+03 -1.78099960e+01 
     38 3.80000000e-02 -1.79988000e+01  1.65175252e+00 -1.96505525e+01 -1.96505525e+01  0.00000000e+00 
     38 9.98321461e+01  2.07438758e-01  1.29380127e-03  0.00000000e+00  9.25288973e+03 -1.79988000e+01 
     39 3.90000000e-02 -1.81646181e+01  1.63710068e+00 -1.98017188e+01 -1.98017188e+01  0.00000000e+00 
     39 9.89465870e+01  1.94025493e-01  1.21009049e-03  0.00000000e+00  9.25288973e+03 -1.81646181e+01 
     40 4.00000000e-02 -1.83160901e+01  1.62225875e+00 -1.99383488e+01 -1.99383488e+01  0.00000000e+00 
     40 9.80495389e+01  1.81896519e-01  1.13439574e-03  0.00000000e+00  9.25288973e+03 -1.83160901e+01 
---------------------------------------------------------------------------------------------------------
   step      Time/Temp   Etot/Pressure    Ekin/Pvir_nb  Utot/Pvir_coul      U_nb/Omega     U_coul/Htot
---------------------------------------------------------------------------------------------------------
     41 4.10000000e-02 -1.84523316e+01  1.60754358e+00 -2.00598752e+01 -2.00598752e+01  0.00000000e+00 
     41 9.71601517e+01  1.71073551e-01  1.06685236e-03  0.00000000e+00  9.25288973e+03 -1.84523316e+01 
     42 4.20000000e-02 -1.85738055e+01  1.59315556e+00 -2.01669610e+01 -2.01669610e+01  0.00000000e+00 
     42 9.62905380e+01  1.61524554e-01  1.00726030e-03  0.00000000e+00  9.25288973e+03 -1.85738055e+01 
     43 4.30000000e-02 -1.86801942e+01  1.57923093e+00 -2.02594251e+01 -2.02594251e+01  0.00000000e+00 
     43 9.54489314e+01  1.53238373e-01  9.55549858e-04  0.00000000e+00  9.25288973e+03 -1.86801942e+01 
     44 4.40000000e-02 -1.87727950e+01  1.56585446e+00 -2.03386495e+01 -2.03386495e+01  0.00000000e+00 
     44 9.46404556e+01  1.46144193e-01  9.11279000e-04  0.00000000e+00  9.25288973e+03 -1.87727950e+01 
     45 4.50000000e-02 -1.88511428e+01  1.55308191e+00 -2.04042247e+01 -2.04042247e+01  0.00000000e+00 
     45 9.38684813e+01  1.40229214e-01  8.74367789e-04  0.00000000e+00  9.25288973e+03 -1.88511428e+01 
     46 4.60000000e-02 -1.89173900e+01  1.54092866e+00 -2.04583187e+01 -2.04583187e+01  0.00000000e+00 
     46 9.31339368e+01  1.35389486e-01  8.44167417e-04  0.00000000e+00  9.25288973e+03 -1.89173900e+01 
     47 4.70000000e-02 -1.89707905e+01  1.52939324e+00 -2.05001837e+01 -2.05001837e+01  0.00000000e+00 
     47 9.24367347e+01  1.31620243e-01  8.20648149e-04  0.00000000e+00  9.25288973e+03 -1.89707905e+01 
     48 4.80000000e-02 -1.90116128e+01  1.51847645e+00 -2.05300892e+01 -2.05300892e+01  0.00000000e+00 
     48 9.17769226e+01  1.28880728e-01  8.03555581e-04  0.00000000e+00  9.25288973e+03 -1.90116128e+01 
     49 4.90000000e-02 -1.90440571e+01  1.50817719e+00 -2.05522343e+01 -2.05522343e+01  0.00000000e+00 
     49 9.11544336e+01  1.26993793e-01  7.91784055e-04  0.00000000e+00  9.25288973e+03 -1.90440571e+01 
     50 5.00000000e-02 -1.90632965e+01  1.49849735e+00 -2.05617939e+01 -2.05617939e+01  0.00000000e+00 
     50 9.05693828e+01  1.26092208e-01  7.86162255e-04  0.00000000e+00  9.25288973e+03 -1.90632965e+01 
---------------------------------------------------------------------------------------------------------
   step      Time/Temp   Etot/Pressure    Ekin/Pvir_nb  Utot/Pvir_coul      U_nb/Omega     U_coul/Htot
---------------------------------------------------------------------------------------------------------
     51 5.10000000e-02 -1.90708063e+01  1.48945566e+00 -2.05602619e+01 -2.05602619e+01  0.00000000e+00 
     51 9.00229021e+01  1.26089148e-01  7.86148241e-04  0.00000000e+00  9.25288973e+03 -1.90708063e+01 
     52 5.20000000e-02 -1.90745292e+01  1.48109956e+00 -2.05556287e+01 -2.05556287e+01  0.00000000e+00 
     52 8.95178584e+01  1.26671515e-01  7.89787795e-04  0.00000000e+00  9.25288973e+03 -1.90745292e+01 
     53 5.30000000e-02 -1.90681879e+01  1.47347976e+00 -2.05416677e+01 -2.05416677e+01  0.00000000e+00 
     53 8.90573163e+01  1.28013624e-01  7.98168872e-04  0.00000000e+00  9.25288973e+03 -1.90681879e+01 
     54 5.40000000e-02 -1.90520050e+01  1.46665731e+00 -2.05186623e+01 -2.05186623e+01  0.00000000e+00 
     54 8.86449666e+01  1.30062420e-01  8.10960293e-04  0.00000000e+00  9.25288973e+03 -1.90520050e+01 
     55 5.50000000e-02 -1.90288221e+01  1.46067831e+00 -2.04895004e+01 -2.04895004e+01  0.00000000e+00 
     55 8.82835949e+01  1.32672304e-01  8.27253271e-04  0.00000000e+00  9.25288973e+03 -1.90288221e+01 
     56 5.60000000e-02 -1.90030535e+01  1.45558121e+00 -2.04586347e+01 -2.04586347e+01  0.00000000e+00 
     56 8.79755254e+01  1.35641473e-01  8.45788240e-04  0.00000000e+00  9.25288973e+03 -1.90030535e+01 
     57 5.70000000e-02 -1.89686183e+01  1.45141973e+00 -2.04200380e+01 -2.04200380e+01  0.00000000e+00 
     57 8.77240054e+01  1.39128112e-01  8.67552472e-04  0.00000000e+00  9.25288973e+03 -1.89686183e+01 
     58 5.80000000e-02 -1.89291737e+01  1.44819074e+00 -2.03773644e+01 -2.03773644e+01  0.00000000e+00 
     58 8.75288446e+01  1.42956427e-01  8.91448759e-04  0.00000000e+00  9.25288973e+03 -1.89291737e+01 
     59 5.90000000e-02 -1.88887143e+01  1.44584195e+00 -2.03345562e+01 -2.03345562e+01  0.00000000e+00 
     59 8.73868837e+01  1.46941884e-01  9.16325348e-04  0.00000000e+00  9.25288973e+03 -1.88887143e+01 
     60 6.00000000e-02 -1.88445551e+01  1.44431485e+00 -2.02888699e+01 -2.02888699e+01  0.00000000e+00 
     60 8.72945851e+01  1.51132972e-01  9.42484922e-04  0.00000000e+00  9.25288973e+03 -1.88445551e+01 
---------------------------------------------------------------------------------------------------------
   step      Time/Temp   Etot/Pressure    Ekin/Pvir_nb  Utot/Pvir_coul      U_nb/Omega     U_coul/Htot
---------------------------------------------------------------------------------------------------------
     61 6.10000000e-02 -1.87995523e+01  1.44353884e+00 -2.02430911e+01 -2.02430911e+01  0.00000000e+00 
     61 8.72476833e+01  1.55391033e-01  9.69062089e-04  0.00000000e+00  9.25288973e+03 -1.87995523e+01 
     62 6.20000000e-02 -1.87559892e+01  1.44342741e+00 -2.01994166e+01 -2.01994166e+01  0.00000000e+00 
     62 8.72409484e+01  1.59601782e-01  9.95343584e-04  0.00000000e+00  9.25288973e+03 -1.87559892e+01 
     63 6.30000000e-02 -1.87096057e+01  1.44388978e+00 -2.01534955e+01 -2.01534955e+01  0.00000000e+00 
     63 8.72688938e+01  1.63880633e-01  1.02204981e-03  0.00000000e+00  9.25288973e+03 -1.87096057e+01 
     64 6.40000000e-02 -1.86645391e+01  1.44484454e+00 -2.01093837e+01 -2.01093837e+01  0.00000000e+00 
     64 8.73265998e+01  1.68056363e-01  1.04811214e-03  0.00000000e+00  9.25288973e+03 -1.86645391e+01 
     65 6.50000000e-02 -1.86187294e+01  1.44624965e+00 -2.00649791e+01 -2.00649791e+01  0.00000000e+00 
     65 8.74115251e+01  1.72172083e-01  1.07379965e-03  0.00000000e+00  9.25288973e+03 -1.86187294e+01 
     66 6.60000000e-02 -1.85761899e+01  1.44810186e+00 -2.00242918e+01 -2.00242918e+01  0.00000000e+00 
     66 8.75234725e+01  1.76060494e-01  1.09806816e-03  0.00000000e+00  9.25288973e+03 -1.85761899e+01 
     67 6.70000000e-02 -1.85355017e+01  1.45043257e+00 -1.99859343e+01 -1.99859343e+01  0.00000000e+00 
     67 8.76643409e+01  1.79739293e-01  1.12102811e-03  0.00000000e+00  9.25288973e+03 -1.85355017e+01 
     68 6.80000000e-02 -1.84959552e+01  1.45329380e+00 -1.99492490e+01 -1.99492490e+01  0.00000000e+00 
     68 8.78372742e+01  1.83199075e-01  1.14262076e-03  0.00000000e+00  9.25288973e+03 -1.84959552e+01 
     69 6.90000000e-02 -1.84596089e+01  1.45673373e+00 -1.99163427e+01 -1.99163427e+01  0.00000000e+00 
     69 8.80451839e+01  1.86333522e-01  1.16218251e-03  0.00000000e+00  9.25288973e+03 -1.84596089e+01 
     70 7.00000000e-02 -1.84255177e+01  1.46076623e+00 -1.98862839e+01 -1.98862839e+01  0.00000000e+00 
     70 8.82889089e+01  1.89141140e-01  1.17970401e-03  0.00000000e+00  9.25288973e+03 -1.84255177e+01 
---------------------------------------------------------------------------------------------------------
   step      Time/Temp   Etot/Pressure    Ekin/Pvir_nb  Utot/Pvir_coul      U_nb/Omega     U_coul/Htot
---------------------------------------------------------------------------------------------------------
     71 7.10000000e-02 -1.83937722e+01  1.46535532e+00 -1.98591275e+01 -1.98591275e+01  0.00000000e+00 
     71 8.85662744e+01  1.91589535e-01  1.19498311e-03  0.00000000e+00  9.25288973e+03 -1.83937722e+01 
     72 7.20000000e-02 -1.83686670e+01  1.47036820e+00 -1.98390352e+01 -1.98390352e+01  0.00000000e+00 
     72 8.88692535e+01  1.93511579e-01  1.20697674e-03  0.00000000e+00  9.25288973e+03 -1.83686670e+01 
     73 7.30000000e-02 -1.83497839e+01  1.47558100e+00 -1.98253649e+01 -1.98253649e+01  0.00000000e+00 
     73 8.91843157e+01  1.94916224e-01  1.21574092e-03  0.00000000e+00  9.25288973e+03 -1.83497839e+01 
     74 7.40000000e-02 -1.83305203e+01  1.48077023e+00 -1.98112906e+01 -1.98112906e+01  0.00000000e+00 
     74 8.94979536e+01  1.96038631e-01  1.22274351e-03  0.00000000e+00  9.25288973e+03 -1.83305203e+01 
     75 7.50000000e-02 -1.83192055e+01  1.48565889e+00 -1.98048644e+01 -1.98048644e+01  0.00000000e+00 
     75 8.97934247e+01  1.96614733e-01  1.22633650e-03  0.00000000e+00  9.25288973e+03 -1.83192055e+01 
     76 7.60000000e-02 -1.83156616e+01  1.48996565e+00 -1.98056272e+01 -1.98056272e+01  0.00000000e+00 
     76 9.00537261e+01  1.96686005e-01  1.22677892e-03  0.00000000e+00  9.25288973e+03 -1.83156616e+01 
     77 7.70000000e-02 -1.83152416e+01  1.49355796e+00 -1.98087996e+01 -1.98087996e+01  0.00000000e+00 
     77 9.02708457e+01  1.96451564e-01  1.22531363e-03  0.00000000e+00  9.25288973e+03 -1.83152416e+01 
     78 7.80000000e-02 -1.83175635e+01  1.49636982e+00 -1.98139333e+01 -1.98139333e+01  0.00000000e+00 
     78 9.04407946e+01  1.95965592e-01  1.22227886e-03  0.00000000e+00  9.25288973e+03 -1.83175635e+01 
     79 7.90000000e-02 -1.83228700e+01  1.49840172e+00 -1.98212717e+01 -1.98212717e+01  0.00000000e+00 
     79 9.05636033e+01  1.95258442e-01  1.21786402e-03  0.00000000e+00  9.25288973e+03 -1.83228700e+01 
     80 8.00000000e-02 -1.83303590e+01  1.49976107e+00 -1.98301201e+01 -1.98301201e+01  0.00000000e+00 
     80 9.06457626e+01  1.94389018e-01  1.21243674e-03  0.00000000e+00  9.25288973e+03 -1.83303590e+01 
---------------------------------------------------------------------------------------------------------
   step      Time/Temp   Etot/Pressure    Ekin/Pvir_nb  Utot/Pvir_coul      U_nb/Omega     U_coul/Htot
---------------------------------------------------------------------------------------------------------
     81 8.10000000e-02 -1.83390152e+01  1.50061291e+00 -1.98396281e+01 -1.98396281e+01  0.00000000e+00 
     81 9.06972479e+01  1.93415186e-01  1.20635808e-03  0.00000000e+00  9.25288973e+03 -1.83390152e+01 
     82 8.20000000e-02 -1.83515740e+01  1.50113574e+00 -1.98527097e+01 -1.98527097e+01  0.00000000e+00 
     82 9.07288477e+01  1.92257139e-01  1.19912982e-03  0.00000000e+00  9.25288973e+03 -1.83515740e+01 
     83 8.30000000e-02 -1.83641392e+01  1.50150016e+00 -1.98656394e+01 -1.98656394e+01  0.00000000e+00 
     83 9.07508734e+01  1.91055653e-01  1.19163054e-03  0.00000000e+00  9.25288973e+03 -1.83641392e+01 
     84 8.40000000e-02 -1.83767356e+01  1.50192134e+00 -1.98786569e+01 -1.98786569e+01  0.00000000e+00 
     84 9.07763292e+01  1.89806970e-01  1.18383663e-03  0.00000000e+00  9.25288973e+03 -1.83767356e+01 
     85 8.50000000e-02 -1.83871968e+01  1.50250846e+00 -1.98897052e+01 -1.98897052e+01  0.00000000e+00 
     85 9.08118148e+01  1.88579781e-01  1.17617679e-03  0.00000000e+00  9.25288973e+03 -1.83871968e+01 
     86 8.60000000e-02 -1.84023043e+01  1.50334539e+00 -1.99056497e+01 -1.99056497e+01  0.00000000e+00 
     86 9.08623988e+01  1.87129920e-01  1.16712700e-03  0.00000000e+00  9.25288973e+03 -1.84023043e+01 
     87 8.70000000e-02 -1.84119621e+01  1.50451231e+00 -1.99164744e+01 -1.99164744e+01  0.00000000e+00 
     87 9.09329282e+01  1.85791676e-01  1.15877368e-03  0.00000000e+00  9.25288973e+03 -1.84119621e+01 
     88 8.80000000e-02 -1.84246597e+01  1.50596625e+00 -1.99306259e+01 -1.99306259e+01  0.00000000e+00 
     88 9.10208040e+01  1.84261252e-01  1.14922070e-03  0.00000000e+00  9.25288973e+03 -1.84246597e+01 
     89 8.90000000e-02 -1.84410234e+01  1.50771904e+00 -1.99487424e+01 -1.99487424e+01  0.00000000e+00 
     89 9.11267432e+01  1.82504299e-01  1.13825368e-03  0.00000000e+00  9.25288973e+03 -1.84410234e+01 
     90 9.00000000e-02 -1.84604962e+01  1.50973809e+00 -1.99702343e+01 -1.99702343e+01  0.00000000e+00 
     90 9.12487750e+01  1.80530780e-01  1.12593480e-03  0.00000000e+00  9.25288973e+03 -1.84604962e+01 
---------------------------------------------------------------------------------------------------------
   step      Time/Temp   Etot/Pressure    Ekin/Pvir_nb  Utot/Pvir_coul      U_nb/Omega     U_coul/Htot
---------------------------------------------------------------------------------------------------------
     91 9.10000000e-02 -1.84814932e+01  1.51193304e+00 -1.99934262e+01 -1.99934262e+01  0.00000000e+00 
     91 9.13814378e+01  1.78391854e-01  1.11258344e-03  0.00000000e+00  9.25288973e+03 -1.84814932e+01 
     92 9.20000000e-02 -1.85030002e+01  1.51418804e+00 -2.00171882e+01 -2.00171882e+01  0.00000000e+00 
     92 9.15177302e+01  1.76125113e-01  1.09843428e-03  0.00000000e+00  9.25288973e+03 -1.85030002e+01 
     93 9.30000000e-02 -1.85293158e+01  1.51636495e+00 -2.00456808e+01 -2.00456808e+01  0.00000000e+00 
     93 9.16493032e+01  1.73591965e-01  1.08262239e-03  0.00000000e+00  9.25288973e+03 -1.85293158e+01 
     94 9.40000000e-02 -1.85562906e+01  1.51833511e+00 -2.00746257e+01 -2.00746257e+01  0.00000000e+00 
     94 9.17683799e+01  1.70951384e-01  1.06614007e-03  0.00000000e+00  9.25288973e+03 -1.85562906e+01 
     95 9.50000000e-02 -1.85850770e+01  1.51994999e+00 -2.01050270e+01 -2.01050270e+01  0.00000000e+00 
     95 9.18659832e+01  1.68186813e-01  1.04888406e-03  0.00000000e+00  9.25288973e+03 -1.85850770e+01 
     96 9.60000000e-02 -1.86153158e+01  1.52108742e+00 -2.01364032e+01 -2.01364032e+01  0.00000000e+00 
     96 9.19347297e+01  1.65338898e-01  1.03110813e-03  0.00000000e+00  9.25288973e+03 -1.86153158e+01 
     97 9.70000000e-02 -1.86431375e+01  1.52167920e+00 -2.01648167e+01 -2.01648167e+01  0.00000000e+00 
     97 9.19704968e+01  1.62572315e-01  1.01384014e-03  0.00000000e+00  9.25288973e+03 -1.86431375e+01 
     98 9.80000000e-02 -1.86764752e+01  1.52163023e+00 -2.01981054e+01 -2.01981054e+01  0.00000000e+00 
     98 9.19675376e+01  1.59649124e-01  9.95595046e-04  0.00000000e+00  9.25288973e+03 -1.86764752e+01 
     99 9.90000000e-02 -1.87095932e+01  1.52088764e+00 -2.02304809e+01 -2.02304809e+01  0.00000000e+00 
     99 9.19226550e+01  1.56803052e-01  9.77831683e-04  0.00000000e+00  9.25288973e+03 -1.87095932e+01 
    100 1.00000000e-01 -1.87407726e+01  1.51949164e+00 -2.02602642e+01 -2.02602642e+01  0.00000000e+00 
    100 9.18382804e+01  1.54126368e-01  9.61125917e-04  0.00000000e+00  9.25288973e+03 -1.87407726e+01 
